jails: 
  jail: 
    world: world
    x: -427.4874466940139
    y: 64.0
    z: 185.73134395582534
    yaw: -181.81027
    pitch: 32.549896
