spawns: 
  default: 
    world: world
    x: -427.5594582099652
    y: 113.0
    z: 183.63272870663462
    yaw: -180.15869
    pitch: -1.950014
