world: world
x: 2093.300000011921
y: 64.0
z: 1153.5482937995703
yaw: 271.7271
pitch: 2.46787
name: bigmine
