world: world
x: -427.4978202325292
y: 91.0
z: 197.198347448994
yaw: -0.008760745
pitch: 21.449844
name: donations
