world: world
x: 1517.699999988079
y: 74.0
z: 240.69999998807907
yaw: -247.73071
pitch: -3.4294014
name: east
