world: world
x: -416.96029608993797
y: 91.0
z: 166.23850982069402
yaw: -89.25891
pitch: 11.849949
name: enchanting
