world: world_the_end
x: 258.9683912960795
y: 49.0
z: 0.6898298207087976
yaw: -90.288055
pitch: 8.39989
name: endfarm
