world: world
x: -427.4755693651422
y: 63.5
z: 195.58830133753486
yaw: -179.1095
pitch: 10.499889
name: jail
