world: world
x: -249.6349455937939
y: 69.0
z: -14167.710655789691
yaw: -89.37964
pitch: -5.1001043
name: Mountaincastle
