world: world
x: -420.69999998807907
y: 109.0
z: -1533.699999988079
yaw: 359.5741
pitch: 7.839113
name: North
