world: world
x: -427.5744840690367
y: 63.0
z: 149.5402412308253
yaw: -178.80884
pitch: 9.299901
name: portals
