world: world
x: -574.4869899936762
y: 47.0
z: 185.75954544091272
yaw: -91.2094
pitch: -32.699993
name: pvp
