world: world
x: -70.9574829600137
y: 94.5
z: 1596.0119486073625
yaw: -89.268524
pitch: 15.74995
name: pvp2
