world: world
x: -54.300000011920936
y: 80.0
z: 1579.300000011921
yaw: 43.33142
pitch: 5.8499947
name: pvp2bones
