world: world
x: -76.69999998807907
y: 79.0
z: 1611.699999988079
yaw: -142.36893
pitch: 17.699783
name: pvp2hut
