world: world
x: -661.4996382494792
y: 3.0
z: 207.462444460362
yaw: -1.3586426
pitch: 4.199976
name: pvpbunker
