world: world
x: -581.3038382350933
y: 28.0
z: 170.69999998807907
yaw: -268.95825
pitch: 2.5499387
name: pvpbarracks
