world: world
x: -619.5248596570159
y: 25.0
z: 194.43543041146197
yaw: -273.3089
pitch: 4.049964
name: pvpcannon
