world: world
x: -594.5507624533965
y: 28.0
z: 142.36655049364438
yaw: -3.3087158
pitch: -3.6000597
name: pvphangar
