world: world
x: -599.574114638693
y: 49.0
z: 171.3994432277229
yaw: -273.90842
pitch: 4.049969
name: pvphelicopter
