world: world
x: -649.4816342090573
y: 58.0
z: 194.57658979405605
yaw: -91.95828
pitch: 6.899953
name: pvpplane
