world: world
x: -634.1221066850394
y: 39.0
z: 216.30000001192093
yaw: -186.45447
pitch: 26.550001
name: pvpspectate2
