world: world
x: -576.3000000119209
y: 39.0
z: 182.78467773309947
yaw: -273.3089
pitch: 26.54996
name: pvpspectate
