world: world
x: -574.3534541722839
y: 44.0
z: 213.74652219011324
yaw: -179.85759
pitch: -3.9000707
name: pvpshop
