world: world
x: -584.3000000119209
y: 35.0
z: 212.6984512283234
yaw: -225.90855
pitch: 19.79998
name: pvptower
