world: world
x: -676.4885259258073
y: 19.0
z: 163.48691385194738
yaw: -269.40863
pitch: 12.4499655
name: pvptruck
