world: world
x: -659.4269528410657
y: 18.0
z: 199.43055338143847
yaw: -269.4085
pitch: -7.8000293
name: pvptank
