world: world
x: -642.3000000119209
y: 15.0
z: 192.30000001192093
yaw: -294.90857
pitch: 0.44996455
name: pvptrench
