world: world
x: -427.42340968323856
y: 91.0
z: 173.13504716923555
yaw: 179.54114
pitch: -5.700147
name: rules
