world: world
x: -491.017816676555
y: 63.0
z: 203.66961710180598
yaw: -268.21838
pitch: 14.099964
name: shop3
