world: world
x: -365.1139334199734
y: 64.0
z: 233.05534354979278
yaw: -87.91553
pitch: 9.899969
name: shop4
