world: world
x: -352.54787205159937
y: 64.0
z: 199.07695061390706
yaw: -358.81726
pitch: 8.250051
name: shop
