world: world
x: -363.4966463076882
y: 67.0
z: 216.48052218472952
yaw: -90.1604
pitch: 16.199976
name: shop2
