world: world
x: -436.49135974418357
y: 68.0
z: 1519.6124906990585
yaw: 2.0753784
pitch: 32.054466
name: South
