world: world
x: -427.5
y: 113.0
z: 183.5
yaw: -180.15869
pitch: -1.950014
name: spawn
