world: world
x: -427.6195903090531
y: 240.19335264193637
z: 186.6834176979972
yaw: -181.8092
pitch: 85.49997
name: spawn+
