world: world
x: -549.2619593981113
y: 119.0
z: -255.82500512844098
yaw: 1.1924133
pitch: 13.800022
name: spleef2
