world: world
x: -477.5447509950898
y: 135.0
z: -230.90517893030287
yaw: -44.10759
pitch: 13.200004
name: spleef
