world: world
x: -439.92763545124245
y: 91.0
z: 185.60347586331773
yaw: 90.74123
pitch: -6.900134
name: tutorials
