world: world
x: -413.6713230149496
y: 91.0
z: 185.53429045881688
yaw: -90.159225
pitch: -7.64998
name: utilities
