world: world
x: -1499.643715200501
y: 66.0
z: 229.54706529669443
yaw: 90.00294
pitch: 78.73173
name: West
